18896
19124
18728
18904
19136
18880
18832
18764
18760
18828
18988
18996
18872
18772
18980
19060
18924
18952
19040
18832
18840
18856
19020
19008
19028
18816
18988
18888
18952
19000
18968
18888
18768
18692
18904
18792
18920
19048
18880
18820
19100
19000
18904
18992
18996
18912
19052
19028
18972
18992
18956
18952
18976
18924
18952
18864
18992
18944
19156
19336
18648
19144
18568
18340
18828
19016
19040
19208
19068
18568
19172
19148
18628
18912
18920
18644
18732
18956
18776
18652
19068
18944
19012
19356
18928
18828
18756
18896
18992
18984
19000
19080
18600
18852
19056
19000
18752
18864
18928
18748
18452
18764
18952
18936
19028
18956
18936
19356
19360
18900
18580
18724
18732
18816
19112
18968
18616
18632
18516
18948
19216
18976
18900
19584
19440
18712
18840
17776
18112
19824
20192
18532
18540
19056
18516
18984
19632
19728
18432
18828
19200
18860
18100
19568
19244
18848
18464
17616
18852
19856
19988
18720
18620
18688
19376
18448
19132
19196
18500
19208
18368
19392
19512
17872
19064
19156
18728
19244
18568
20348
17444
17056
17648
22772
23900
16436
14804
18876
22748
18752
16640
18836
21016
18452
18088
19608
19972
18812
18416
19500
17884
17768
19408
18904
19988
17340
18372
19992
19612
19608
17968
18932
19548
19760
19092
18552
18696
18908
20028
17612
17628
18916
21004
19668
16664
18844
20924
20156
17480
18160
19640
19700
19040
18424
19200
19064
19404
18100
18336
19144
19988
18972
18356
18796
19020
19572
19164
18124
18516
19440
19764
18760
17256
19800
20196
17204
18092
19784
20332
18312
18860
19692
18760
18208
19328
20248
18188
18100
19016
18128
17804
24096
23196
16420
14892
17440
22052
19880
17900
17144
20816
19784
18088
17280
20152
17536
18100
20136
20640
16956
17776
18904
21452
17388
17820
19212
21440
18184
17332
18376
21668
18760
16876
18472
20980
18148
17892
18268
22208
17716
17016
19016
21352
18668
17344
19192
21032
18316
18064
18720
20772
17364
17244
19024
21304
17412
16308
19176
22020
17648
17200
19936
21376
17268
17856
20076
20020
17868
17532
19924
21344
16676
15520
21672
17716
21052
21836
12976
19636
21424
18364
17836
18832
18240
18652
19852
19332
16212
19636
20860
19112
16436
18544
22116
19012
16068
18088
21308
19188
18228
17956
20504
19460
17500
18168
20856
20148
16408
17472
21044
19392
18352
17868
20180
19864
17640
18044
20288
19692
17940
17704
20640
19280
18892
17940
20172
18512
18328
18416
20116
19412
17492
18500
19384
18832
20144
18612
19444
17740
20236
18340
18660
19024
19856
18248
18708
18980
19572
17680
18484
18400
18476
21860
25036
15120
16332
19424
19212
20744
18424
17792
19908
20000
18996
17056
19952
20052
20180
17128
19472
20404
19388
17876
19444
18844
21308
17936
18356
19376
20704
17132
17100
20956
19932
17324
17004
20816
21888
17000
17376
20188
22108
16188
17492
20876
21360
17204
15912
19888
22424
17516
16360
18796
22056
16972
17188
19188
21032
18676
16640
18668
21468
18060
15928
18408
22620
17528
16464
19292
22104
17664
17852
19032
18340
17528
19156
25716
19636
11032
18904
22988
19424
16616
17732
21132
19928
16364
19276
20932
17972
19556
18852
19688
19404
18412
17308
20016
21076
17684
17924
20388
19416
18436
18928
20296
18928
18848
18240
19112
19660
18252
18436
19972
18964
18652
17952
19716
18732
19084
19664
19480
18272
19672
19008
18752
19444
19680
17392
18840
18836
20128
17876
19328
18816
19680
17932
19484
18536
19048
19244
18484
18480
18636
19764
19168
18004
19240
19848
18104
18392
20644
18096
16692
16804
19820
24712
22688
14888
19184
20372
17888
18608
21688
18556
19208
18456
18076
21508
18104
17500
18176
22216
16700
18044
19324
21092
16676
18160
19148
20352
18372
17344
19708
18740
20684
17740
19028
19172
20360
17692
18976
18824
19832
19308
18228
18484
19932
20132
17952
19828
18008
19088
19348
17928
18840
19508
18984
17744
18692
19032
19452
18208
18244
18944
19484
20148
18168
18380
19864
19860
18420
18628
19732
19012
18352
18712
18780
19168
18952
18804
19344
18932
18264
19420
17436
18000
20512
23216
17916
14664
19004
23108
17692
18412
18068
19460
20476
19300
18092
17908
19704
19924
18556
17896
19844
19556
18808
17884
18832
19412
20096
18304
19056
19252
18460
18800
19764
18588
18820
18480
19892
18868
18608
18812
18440
19124
19928
18764
18756
18704
18800
19176
17912
19092
19480
18360
19564
19476
18208
19092
18768
19816
18340
18824
19096
18912
18904
18960
19576
18644
18664
19100
18528
19516
19252
18396
19012
19012
18860
18812
19576
18332
18704
19476
18356
19240
19120
18840
18424
19544
19352
18500
18884
19204
18668
19012
19284
18804
19248
19424
18640
18624
18936
19132
18532
19560
18936
18596
19396
18652
18736
19100
18908
19088
18728
18872
18852
18776
18672
19208
19284
19716
19048
19644
18496
18948
19064
19296
19176
18636
18944
19044
18964
18692
18640
19092
19380
18824
18928
18980
18844
19068
19268
18960
18812
19052
19000
18900
18836
19188
19260
18960
18956
19188
18880
18896
18904
18876
19040
19100
19060
19188
18916
18968
19160
18760
18560
18984
18968
18668
18668
18848
