9904
21512
20656
16768
24360
20968
13760
10244
19028
22392
22400
20212
17788
14412
17032
19628
18616
11780
21904
21764
15100
20376
29096
22136
11644
17296
21704
21084
14180
14996
16072
19248
20104
29332
21572
16664
17356
16960
19540
17348
16940
15328
18644
19968
14848
17412
24968
22232
18548
15988
17124
16612
15748
25272
27532
14788
14936
23060
20368
12364
11732
18572
23296
25488
23496
22688
20916
14036
13572
16472
19124
20568
24268
20448
16404
15744
17072
18324
18396
21036
23060
19092
16300
22696
18940
17760
18316
16180
15500
18336
26228
22192
19312
19596
24572
16836
13148
17712
19204
18848
17736
17148
18868
18624
19888
19492
17276
16372
22232
27552
20244
13720
15424
19072
21144
18480
17080
17436
19236
18912
19032
19388
19220
19104
19940
17460
20732
19804
22424
19388
15700
16960
20332
20064
18372
18428
18848
19272
18448
17464
19352
18532
17612
22700
19756
16380
18688
18976
17632
17332
19912
19988
20700
20520
20392
19368
18204
17724
18536
18788
19212
18364
18112
19288
19820
19168
19024
19368
19484
18500
18500
18848
19388
18720
18052
18468
19272
19156
18292
19252
20844
18768
17640
20020
20144
18000
18836
19460
18460
19416
19132
19348
19200
18528
19084
18932
18852
18644
18992
19044
18772
19088
19092
18944
19004
19080
19100
18820
19004
18968
18864
18856
18996
18904
19012
18872
19012
18884
18968
18944
18924
18972
18928
18904
18888
19056

17244
14884
24124
32767
21952
18056
12868
15576
19288
19764
19420
18440
18540
20004
17104
19052
20924
21484
17448
20044
19612
21004
17176
15112
15124
20760
24172
25496
20124
13584
13456
17040
22108
21376
17348
19112
17808
17244
17684
17644
28104
16812
29100
24016
12520
9944
14268
24252
20088
15408
16520
19064
19240
24628
18080
18920
18144
27268
17316
14736
16568
16348
15876
19312
32767
20340
10384
15832
23552
16040
13356
24208
25728
17556
21884
19480
22600
19580
12588
15404
32767
18088
11796
10012
23728
26236
18460
14548
18848
21296
18632
17148
20596
19824
18352
17252
19844
20264
19956
18380
15928
17032
17372
19872
18488
19028
18308
19456
26216
17736
18280
19228
20052
23796
21944
16740
13688
15464
23288
21068
16064
18100
18788
18604
20732
19468
18344
18444
20040
20012
19284
14968
15524
20316
23888
15552
12504
28096
30364
15968
17476
16556
13528
18636
22364
22592
17084
15556
15940
20000
17972
16212
21792
24716
16684
13312
16984
21724
22496
22220
18328
21320
14900
16464
16196
16976
16464
23828
26360
22800
14304
13064
17388
22824
20960
14160
18528
18992
20892
21464
17076
17592
16724
14356
15680
21180
31572
28808
15368
9944
15368
22116
18760
16540
18208
19552
21644
16220
15968
15164
15536
16240
18328
32767
25576
17592
22652
16744
12052
15124
19416
20616
29356
21760
13092
13548
14396
17020
20536
21568
18876
13796
19148
20804
25404
15384
13448
23244
25136
16480
15088
18148
22536
25620
21280
14212
15224
19688
23316
17912
16016
16360
20804
15648
17108
27988
21836
13372
13276
24680
21640
16332
17332
27644
18688
14060
22432
17112
18384
18348
20928
16156
16812
16952
22880
23924
18572
18536
20232
21084
16916
14732
18220
22512
18888
20388
18124
16592
20428
17064
16640
17428
20276
19080
16092
16452
18124
22452
25336
21280
13940
15336
16964
16996
28272
18952
13432
17340
26088
19712
13024
16868
19380
20236
18004
17940
18556
19508
18852
17148
22156
20444
18992
15872
19220
23584
18480
16304
18128
18436
16988
16536
18288
22320
20664
12920
18340
21816
17740
16392
19932
21472
17776
14244
20316
28892
22132
10248
15256
17056
28276
20896
15280
15936
19000
21028
20348
19204
16780
15588
17200
19684
22088
20188
18528
17616
17928
18956
19176
18080
18540
19472
18996
18792
18896
19176
19432
18592
19228
20700
18812
18460
19852
19836
20336
18004
16580
19020
20848
19916
18028
17960
19640
20236
19424
17628
18284
19588
19124
18044
18200
19232
19664
18744
18420
19032
18608
18932
18768
19296
19800
19816
19112
18200
18080
19392
19636
19144
18436
18484
19116
19272
19112
18724
18744
19336
19388
18984
18816
18808
19112
19100
19628
18364
18808
19164
18832
19224
18908
18888
18948
19276
18912
18948
19048
19088
19140
18844
18816
19152
19072
19012
18896
18960
18964
19016
18932
19000
19076
18832
18628
18580
18784
18816
18944
18840
19028
18956
18940
19100
19028
18948
18928
18832
18856
19012
19004
18896
19048
18996
18932
18920
18812
18784
18928
18956
18944
19036
18940
19272
19088
18800
18748
18868
18904
18920
18956
18948
18964
18844
19092
18948
18940
18996
18996
18908
18896
18876
18808
18920
18948
18880
19076
18884
18992
19120
18928
19040
18888
18832
18932
18824
18840
18880
18912
18944
19024
18928
19044
18960
18836
18548
18868
19156
19048
18972
18924
18752
18888
18940
19072
19128
19016
18964
18992
18752
19016
18904
18772
18656
18824
18960
18812
18664
18936
18864
19088
19052
19256
19004
18988
18872
18644
18568
18660
18844
18904
18724
18492
18596
18564
18224
18916
19220
19696
19188
18556
18764
19340
19436
18964
18424
19556
16936
15832
18372
19728
20940
18700
21108
18336
17264
18308
21056
20252
18916
19192
17812
16744
17732
18840
18432
19336
21212
19608
17676
18284
18404
17512
19372
20056
22884
20016
16268
17128
16088
16072
21072
22332
23056
18344
16188
17480
20560
20332
19348
18464
15476
15924
19296
20560
23164
20036
16772
14760
16420
19920
22912
19416
20376
16932
17312
20432
19324
16256
16152
18664
28736
22440
16176
13984
16784
21468
17784
16764
16384
21104
22020
19684
17344
17476
19000
22280
20024
16316
17072
20872
22228
21744
17224
17324
16564
18440
19268
21156
21924
18196
15020
16440
25772
24380
15952
15288
16592
20796
19084
16240
16384
22124
21428
19720
19124
18604
20476
19076
17576
17164
20032
16312
18036
18972
21172
20504
17200
15400
17532
21784
23272
24492
15940
15344
16096
19532
19908
19460
18932
16628
22760
20736
16572
16292
16648
17460
21268
23104
19984
16056
14848
16188
19056
22488
25268
19552
17136
17984
15708
20960
28604
20480
13236
15400
21040
19444
10740
18464
25344
19736
18284
15728
18128
23896
18860
17744
18044
15476
18524
16428
20632
24348
16964
18144
15808
19124
18440
21520
18380
20808
16084
17460
25048
24408
20892
16412
13300
17956
24044
19788
12088
20120
29096
21300
17200
12952
17444
27188
17192
16788
20160
15388
25800
20160
17384
23824
15384
13400
17732
26216
23152
11780
15940
23868
25132
17476
13756
17108
17144
16128
19888
15148
20520
29588
16596
13132
13968
21888
22196
27272
13260
10468
20524
24932
20988
17732
18308
23616
28412
16976
11812
17804
22956
19324
14844
13360
27816
21292
15392
19704
20124
18396
18828
18460
18268
18600
20064
19332
17796
18404
22404
18256
18684
16344
23752
16884
14984
15532
22204
20180
23616
17548
15772
18368
19080
20156
19956
15016
16356
19468
27556
16780
11364
14164
21628
27984
20312
13296
15256
18248
27308
32767
18456
6916
13564
20860
27208
16352
12120
14872
23852
29628
15240
11120
24844
25304
16288
14288
13304
17568
29400
30680
10964
9316
15772
24976
20900
17056
20696
21152
16688
16568
17736
17268
24192
26944
21732
14196
12904
18588
22108
25332
23520
13956
14704
19960
22224
18492
19144
17240
19132
14700
23292
25832
14460
13056
17684
21324
21716
15124
15732
21052
20136
23796
19888
17280
17544
17560
19292
20728
16800
21512
20548
14352
15916
24144
23520
18844
15672
16148
19520
21356
19136
19876
21308
20536
19988
16160
19960
22792
18900
15284
13132
14844
28568
23380
18008
20772
18344
15528
15376
20412
26528
29340
15076
7712
16600
26668
25872
13800
9220
22256
32767
21328
8300
10956
20232
26712
19240
15836
18208
19060
19608
19072
18440
17764
18376
20004
18096
20696
17220
14984
24912
30584
12356
9664
16916
23016
22564
18248
16544
19020
19816
16700
15744
26856
22688
12556
17828
21108
18040
16412
15028
16168
19992
22328
18704
14852
18696
24128
20108
15572
15088
21332
23700
15228
12828
29508
26240
15164
18112
23320
17508
16820
18896
17936
22672
22912
15728
17680
17772
23084
23052
15744
14080
16276
19488
23452
18804
16596
15244
15348
16412
19160
18308
16080
14248
21244
26956
22532
16008
13748
19700
21492
19044
18332
18972
17704
15760
16084
17408
26572
21780
20044
19100
17304
19564
22816
18044
14896
13804
17060
15804
17708
16984
24104
22596
22020
28816
17304
12908
16824
18784
16752
19580
24072
14412
13344
17808
18632
17368
17868
25688
21356
18364
15468
18908
19660
16968
18644
19692
17288
19108
22628
19620
18456
20324
19268
13900
15712
17708
20700
19492
16504
18388
20188
17164
14784
14164
22728
21180
27752
18152
14364
17104
23464
18744
17216
14844
18852
21692
18568
17944
17380
17068
23000
24136
19776
16272
16468
16488
21380
18640
16616
16892
17936
18372
17272
15964
17704
20020
22532
22992
18460
17156
22268
19860
19212
18156
19472
22076
20400
19440
20012
18388
17364
19416
19572
17640
19004
23248
19912
14728
13952
22424
25940
16540
6712
19824
16440
21456
21900
23424
14868
15124
20228
24072
19896
14296
19176
19568
21296
20796
16740
20384
19488
18092
18864
18740
17560
18664
19860
19816
19064
18788
19244
19096
18916
19316
19300
18680
18892
18980
19044
19028
18860
18724
19000
19232
19128
19048
18924
18956
18800
18720
18836
18888
18852
19036
18952
19036
18916
18796
18872
18752
18964
18992
19064
18980
18948
18976
18940
19228
19036
18928
19068
19012
18980
