18924
18376
18736
18860
18572
18820
18524
18676
18932
18920
18868
19216
19184
19024
18896
18924
18980
18836
19040
18992
18980
19000
19144
19116
18964
19076
19140
19024
18908
19000
19116
18992
18988
19112
19124
18912
17108
19616
18648
18508
19156
19004
18708
19192
18856
18548
18148
19360
19444
18808
19060
19224
19028
18948
19244
19208
18736
19416
19276
19180
19340
18808
18228
19288
19156
19004
18580
18216
19392
19088
18288
19700
19284
18492
19144
19196
18800
18888
19088
19020
18948
19100
18912
18892
18956
18980
19020
19096
19036
19104
18940
18968
18912
19136
19412
18868
18944
18816
19268
19728
19280
18392
18824
18976
18776
18928
19128
18860
18836
19132
17712
20364
16608
18896
23492
18976
16924
19104
20708
19280
19228
18476
18400
18764
18760
19000
18156
16800
19540
20004
21028
19628
19436
18232
19360
19832
19600
18184
18148
19080
19388
19016
14536
17656
20508
20112
20444
19104
17600
18072
17640
19504
19968
20392
18812
15824
17968
21160
17228
21048
15972
20148
20760
21732
23192
21132
15932
17456
16804
17984
17312
22036
20016
18372
17960
19740
19524
18220
11876
17612
20024
23732
23240
20116
19268
14012
6120
16640
24576
20272
26712
22252
21408
14128
8248
12208
21460
16792
29420
15956
11924
24412
18296
20480
17584
18652
18040
18692
18248
17388
16428
14764
15840
16924
18588
16328
26756
22548
13432
10892
11012
17928
18048
15372
12008
20220
22112
32767
14820
15580
9028
15944
32767
32767
30416
16048
7420
7464
8364
6088
11444
18996
29144
18796
18280
17700
11212
16452
16216
20528
16764
12936
22412
29408
12324
14124
15696
16516
32767
32767
26728
13064
11052
16716
22696
21924
19516
17452
12072
11928
14604
14904
25948
26980
14692
20244
14208
14388
17328
17860
18148
18636
16036
16312
15860
16136
17984
18120
21000
14152
23168
31528
23032
15108
13352
19680
25540
12096
13668
14756
19440
21920
27612
15664
5180
19004
20756
22040
16532
20876
18040
14408
13536
16084
18432
22352
29080
19052
13168
14024
18040
16672
13752
17860
17488
14200
11096
14992
21092
15548
31600
32767
21652
8292
9572
23096
23824
18748
15680
19288
18876
18784
20876
13932
17972
25768
24784
18300
12024
13608
19096
21596
15248
13892
19340
11756
32767
26548
12944
12624
19880
22600
18680
14100
22408
22448
25204
15388
12172
18620
21656
21416
17572
16072
9344
8140
14792
32767
25796
28320
19888
14392
9868
14156
21316
30508
28472
6164
4992
8624
15528
27092
19328
12104
15308
31168
29160
22244
9340
11356
13824
20440
18028
18600
19176
14336
25684
32767
12136
20512
21868
19552
20156
21336
16092
11520
11736
14200
23156
24732
32767
29416
10864
14316
22100
20128
15768
17332
18996
24552
21056
14180
13604
14176
12944
16264
27840
32767
23160
9696
8328
6192
11300
16464
25040
19176
16748
14896
17288
22396
29688
18120
21712
21812
12828
14808
22784
20816
18172
14516
14832
16984
16708
16244
23648
18340
9464
10604
17476
32767
32767
18720
9200
15104
16424
19148
16620
13812
17236
32767
32767
11464
11696
10088
14640
13816
20912
16808
13964
28852
32767
21548
7936
11132
15932
26120
20964
15504
20736
21844
12936
12880
17720
19848
18580
19852
31996
24516
9100
9444
12868
16416
25576
23216
18468
14528
11392
26892
21888
16736
21748
12604
11392
18328
22860
20164
24376
23936
17312
17404
12940
13920
28228
21004
14300
24276
26828
21112
8508
9212
10804
18460
20912
18716
19452
21536
20760
15776
16288
18776
25820
23588
18856
11964
14644
14804
13196
13216
16584
18736
16340
28916
32767
25892
11536
10736
26868
22732
15672
25480
13368
15080
18372
17112
19552
16460
11980
12320
17348
17692
14312
15212
32767
25908
21656
15860
10124
10680
18868
24696
32767
16500
13716
11892
14808
21464
29952
30468
16520
12536
16048
19860
18748
15216
20652
18236
22648
18200
16684
18308
17348
25480
28196
16580
16016
23692
18700
7564
11884
17856
21732
17080
18212
17432
16892
15592
21964
26960
18548
13152
14336
11368
23112
32767
32767
14648
15808
13804
22832
20356
18384
15304
13456
17592
21144
25320
18584
14476
9720
14316
20444
24824
18912
13264
14336
14792
20480
21788
26900
22968
21764
12592
16692
17824
12916
13520
21592
22664
26112
24948
22432
18436
17892
15044
15244
16112
15216
18116
25172
25520
19644
16820
17220
15744
15372
15856
17076
18000
20204
21628
15328
20220
23472
18852
20960
18436
15244
17236
17868
22144
26120
23220
18996
18036
15624
19784
15804
16364
20152
20044
19012
18464
18144
18892
19684
19332
19388
19048
18628
18356
18792
19340
19204
19408
19364
19612
19196
19516
18444
18960
18104
19156
19292
18860
19144
18356
17708
18216
18440
18388
18524
20340
17856
18432
22172
19696
15492
19504
22392
21044
16528
17156
15252
18328
17364
25224
24020
22144
19832
16284
18704
18988
17780
18740
19752
19072
19176
19020
17964
18312
18900
19344
19444
19128
19236
19032
18752
18624
18732
19000
19296
19292
19096
18840
18856
18940
18976
19108
18884
18888
18960
19176
19056
18988
18840
18828
18808
18956
18948
18976
19004
19000
19036
19008
19104
18964
18836
18908
18920
18976
18976
19060
